Relative Oceanic Nino Index (RONI)
Date	Value
195001  -1.19
195002  -1.08
195003  -0.96
195004  -1.0
195005  -0.99
195006  -0.75
195007  -0.38
195008  -0.32
195009  -0.29
195010  -0.38
195011  -0.36
195012  -0.5
195101  -0.28
195102  0.09
195103  0.48
195104  0.63
195105  0.59
195106  0.69
195107  0.79
195108  0.97
195109  1.04
195110  0.98
195111  0.94
195112  0.71
195201  0.65
195202  0.33
195203  0.46
195204  0.24
195205  -0.03
195206  -0.45
195207  -0.41
195208  -0.14
195209  0.08
195210  0.04
195211  -0.1
195212  0.1
195301  0.4
195302  0.67
195303  0.68
195304  0.72
195305  0.94
195306  0.84
195307  0.68
195308  0.73
195309  0.65
195310  0.84
195311  0.57
195312  0.66
195401  0.63
195402  0.63
195403  0.31
195404  -0.02
195405  -0.24
195406  -0.21
195407  -0.45
195408  -0.62
195409  -0.54
195410  -0.31
195411  -0.09
195412  -0.18
195501  -0.12
195502  -0.14
195503  -0.13
195504  -0.38
195505  -0.36
195506  -0.52
195507  -0.4
195508  -0.7
195509  -0.9
195510  -1.31
195511  -1.4
195512  -1.31
195601  -0.81
195602  -0.4
195603  -0.12
195604  -0.09
195605  -0.03
195606  -0.01
195607  -0.15
195608  -0.18
195609  -0.12
195610  -0.14
195611  -0.14
195612  -0.17
195701  0.0
195702  0.22
195703  0.53
195704  0.83
195705  0.88
195706  0.9
195707  1.03
195708  1.05
195709  1.14
195710  1.16
195711  1.45
195712  1.75
195801  1.89
195802  1.79
195803  1.31
195804  0.95
195805  0.66
195806  0.56
195807  0.45
195808  0.26
195809  0.23
195810  0.24
195811  0.36
195812  0.64
195901  0.77
195902  0.83
195903  0.64
195904  0.48
195905  0.33
195906  0.09
195907  -0.11
195908  -0.23
195909  -0.07
195910  0.04
195911  0.24
195912  0.22
196001  0.2
196002  0.19
196003  0.21
196004  0.25
196005  0.16
196006  0.06
196007  0.12
196008  0.2
196009  0.26
196010  0.08
196011  -0.07
196012  -0.09
196101  0.03
196102  0.08
196103  0.03
196104  0.06
196105  0.24
196106  0.3
196107  0.2
196108  -0.07
196109  -0.23
196110  -0.16
196111  -0.06
196112  0.02
196201  -0.01
196202  -0.01
196203  0.0
196204  -0.16
196205  -0.17
196206  -0.14
196207  0.01
196208  -0.1
196209  -0.15
196210  -0.3
196211  -0.29
196212  -0.37
196301  -0.29
196302  -0.12
196303  0.04
196304  0.06
196305  0.01
196306  0.37
196307  0.73
196308  1.08
196309  1.07
196310  1.06
196311  1.11
196312  1.07
196401  1.0
196402  0.6
196403  0.1
196404  -0.37
196405  -0.66
196406  -0.66
196407  -0.59
196408  -0.55
196409  -0.53
196410  -0.64
196411  -0.58
196412  -0.48
196501  -0.16
196502  0.1
196503  0.22
196504  0.36
196505  0.64
196506  1.01
196507  1.33
196508  1.49
196509  1.76
196510  1.86
196511  1.99
196512  1.81
196601  1.53
196602  1.29
196603  1.04
196604  0.59
196605  0.31
196606  0.22
196607  0.32
196608  0.19
196609  0.0
196610  -0.03
196611  -0.12
196612  -0.22
196701  -0.26
196702  -0.24
196703  -0.35
196704  -0.31
196705  -0.09
196706  0.21
196707  0.25
196708  -0.01
196709  -0.11
196710  -0.08
196711  0.01
196712  -0.03
196801  -0.23
196802  -0.36
196803  -0.32
196804  -0.26
196805  0.07
196806  0.32
196807  0.56
196808  0.46
196809  0.39
196810  0.56
196811  0.74
196812  1.02
196901  1.07
196902  1.0
196903  0.67
196904  0.44
196905  0.37
196906  0.3
196907  0.28
196908  0.34
196909  0.57
196910  0.67
196911  0.81
196912  0.68
197001  0.46
197002  0.21
197003  0.24
197004  0.24
197005  0.12
197006  -0.23
197007  -0.47
197008  -0.64
197009  -0.55
197010  -0.57
197011  -0.55
197012  -0.85
197101  -0.95
197102  -1.0
197103  -0.78
197104  -0.57
197105  -0.48
197106  -0.37
197107  -0.3
197108  -0.25
197109  -0.3
197110  -0.4
197111  -0.41
197112  -0.38
197201  -0.21
197202  0.03
197203  0.32
197204  0.51
197205  0.66
197206  0.87
197207  1.14
197208  1.4
197209  1.64
197210  1.82
197211  1.97
197212  1.88
197301  1.69
197302  1.25
197303  0.58
197304  -0.17
197305  -0.73
197306  -0.98
197307  -1.1
197308  -1.19
197309  -1.3
197310  -1.63
197311  -1.86
197312  -1.91
197401  -1.6
197402  -1.28
197403  -0.97
197404  -0.84
197405  -0.57
197406  -0.5
197407  -0.27
197408  -0.21
197409  -0.24
197410  -0.45
197411  -0.59
197412  -0.35
197501  -0.12
197502  -0.13
197503  -0.29
197504  -0.42
197505  -0.61
197506  -0.73
197507  -0.87
197508  -0.88
197509  -0.98
197510  -0.95
197511  -1.02
197512  -1.11
197601  -1.0
197602  -0.65
197603  -0.26
197604  -0.14
197605  0.01
197606  0.27
197607  0.52
197608  0.72
197609  0.89
197610  1.04
197611  1.05
197612  1.08
197701  0.96
197702  0.89
197703  0.46
197704  0.32
197705  0.25
197706  0.51
197707  0.48
197708  0.48
197709  0.62
197710  0.89
197711  1.1
197712  1.05
197801  0.96
197802  0.71
197803  0.26
197804  -0.07
197805  -0.33
197806  -0.25
197807  -0.32
197808  -0.27
197809  -0.27
197810  -0.08
197811  0.15
197812  0.27
197901  0.35
197902  0.3
197903  0.3
197904  0.23
197905  0.13
197906  0.03
197907  0.04
197908  0.26
197909  0.41
197910  0.52
197911  0.52
197912  0.64
198001  0.65
198002  0.45
198003  0.25
198004  0.14
198005  0.27
198006  0.28
198007  0.14
198008  -0.1
198009  -0.18
198010  -0.06
198011  0.14
198012  0.09
198101  -0.03
198102  -0.18
198103  -0.28
198104  -0.24
198105  -0.3
198106  -0.26
198107  -0.23
198108  -0.16
198109  -0.02
198110  -0.17
198111  -0.21
198112  -0.08
198201  0.11
198202  0.22
198203  0.23
198204  0.46
198205  0.74
198206  0.84
198207  0.89
198208  1.14
198209  1.64
198210  2.03
198211  2.24
198212  2.36
198301  2.4
198302  2.15
198303  1.67
198304  1.3
198305  0.87
198306  0.47
198307  0.03
198308  -0.23
198309  -0.59
198310  -0.9
198311  -1.1
198312  -0.96
198401  -0.63
198402  -0.52
198403  -0.45
198404  -0.59
198405  -0.62
198406  -0.51
198407  -0.32
198408  -0.17
198409  -0.28
198410  -0.61
198411  -0.88
198412  -0.93
198501  -0.83
198502  -0.68
198503  -0.75
198504  -0.76
198505  -0.77
198506  -0.55
198507  -0.33
198508  -0.2
198509  -0.16
198510  -0.18
198511  -0.14
198512  -0.21
198601  -0.26
198602  -0.27
198603  -0.19
198604  -0.14
198605  -0.11
198606  -0.01
198607  0.26
198608  0.57
198609  0.79
198610  1.0
198611  1.22
198612  1.42
198701  1.46
198702  1.35
198703  1.14
198704  0.93
198705  0.85
198706  0.94
198707  1.11
198708  1.3
198709  1.34
198710  1.2
198711  0.98
198712  0.8
198801  0.45
198802  0.11
198803  -0.4
198804  -0.91
198805  -1.49
198806  -1.74
198807  -1.64
198808  -1.36
198809  -1.44
198810  -1.71
198811  -1.95
198812  -1.94
198901  -1.64
198902  -1.37
198903  -1.11
198904  -0.89
198905  -0.65
198906  -0.43
198907  -0.41
198908  -0.38
198909  -0.31
198910  -0.23
198911  -0.08
198912  0.06
199001  0.32
199002  0.3
199003  0.32
199004  0.26
199005  0.19
199006  0.2
199007  0.21
199008  0.33
199009  0.33
199010  0.27
199011  0.3
199012  0.43
199101  0.57
199102  0.53
199103  0.42
199104  0.42
199105  0.56
199106  0.7
199107  0.86
199108  0.83
199109  1.01
199110  1.2
199111  1.66
199112  1.97
199201  2.12
199202  2.08
199203  1.94
199204  1.76
199205  1.4
199206  0.93
199207  0.52
199208  0.3
199209  0.13
199210  0.1
199211  0.12
199212  0.35
199301  0.55
199302  0.7
199303  0.86
199304  1.06
199305  1.0
199306  0.77
199307  0.45
199308  0.46
199309  0.48
199310  0.46
199311  0.44
199312  0.42
199401  0.33
199402  0.24
199403  0.23
199404  0.32
199405  0.4
199406  0.41
199407  0.53
199408  0.6
199409  0.79
199410  0.97
199411  1.23
199412  1.28
199501  1.17
199502  0.86
199503  0.55
199504  0.2
199505  -0.07
199506  -0.23
199507  -0.41
199508  -0.57
199509  -0.76
199510  -0.93
199511  -1.02
199512  -0.99
199601  -0.87
199602  -0.75
199603  -0.58
199604  -0.37
199605  -0.25
199606  -0.24
199607  -0.2
199608  -0.2
199609  -0.2
199610  -0.25
199611  -0.3
199612  -0.29
199701  -0.21
199702  -0.03
199703  0.17
199704  0.47
199705  0.83
199706  1.2
199707  1.5
199708  1.84
199709  2.07
199710  2.22
199711  2.25
199712  2.28
199801  2.13
199802  1.82
199803  1.22
199804  0.81
199805  0.07
199806  -0.46
199807  -1.05
199808  -1.14
199809  -1.24
199810  -1.33
199811  -1.51
199812  -1.61
199901  -1.56
199902  -1.28
199903  -0.99
199904  -0.88
199905  -0.81
199906  -0.82
199907  -0.83
199908  -0.86
199909  -0.87
199910  -1.06
199911  -1.33
199912  -1.56
200001  -1.5
200002  -1.31
200003  -1.06
200004  -0.88
200005  -0.68
200006  -0.54
200007  -0.35
200008  -0.29
200009  -0.36
200010  -0.55
200011  -0.79
200012  -0.82
200101  -0.79
200102  -0.62
200103  -0.55
200104  -0.41
200105  -0.28
200106  -0.08
200107  0.01
200108  -0.02
200109  -0.05
200110  -0.18
200111  -0.27
200112  -0.32
200201  -0.16
200202  0.01
200203  0.03
200204  0.05
200205  0.22
200206  0.44
200207  0.64
200208  0.8
200209  0.97
200210  1.18
200211  1.33
200212  1.13
200301  0.85
200302  0.47
200303  0.23
200304  -0.19
200305  -0.34
200306  -0.24
200307  0.04
200308  0.09
200309  0.17
200310  0.17
200311  0.25
200312  0.22
200401  0.23
200402  0.12
200403  0.07
200404  0.09
200405  0.18
200406  0.36
200407  0.54
200408  0.69
200409  0.71
200410  0.7
200411  0.7
200412  0.69
200501  0.54
200502  0.4
200503  0.26
200504  0.25
200505  0.2
200506  0.05
200507  -0.06
200508  -0.11
200509  -0.04
200510  -0.18
200511  -0.5
200512  -0.81
200601  -0.9
200602  -0.87
200603  -0.69
200604  -0.49
200605  -0.19
200606  -0.05
200607  0.15
200608  0.36
200609  0.57
200610  0.73
200611  0.91
200612  0.89
200701  0.6
200702  0.16
200703  -0.15
200704  -0.33
200705  -0.36
200706  -0.44
200707  -0.5
200708  -0.79
200709  -1.04
200710  -1.33
200711  -1.49
200712  -1.65
200801  -1.73
200802  -1.62
200803  -1.39
200804  -1.04
200805  -0.8
200806  -0.46
200807  -0.24
200808  -0.17
200809  -0.26
200810  -0.38
200811  -0.6
200812  -0.86
200901  -0.96
200902  -0.92
200903  -0.7
200904  -0.43
200905  -0.05
200906  0.24
200907  0.35
200908  0.42
200909  0.53
200910  0.86
200911  1.29
200912  1.5
201001  1.44
201002  1.11
201003  0.69
201004  0.1
201005  -0.5
201006  -0.97
201007  -1.21
201008  -1.39
201009  -1.54
201010  -1.61
201011  -1.63
201012  -1.55
201101  -1.42
201102  -1.21
201103  -0.97
201104  -0.76
201105  -0.52
201106  -0.29
201107  -0.29
201108  -0.41
201109  -0.7
201110  -0.91
201111  -1.02
201112  -0.96
201201  -0.77
201202  -0.6
201203  -0.5
201204  -0.42
201205  -0.26
201206  0.01
201207  0.33
201208  0.43
201209  0.37
201210  0.21
201211  -0.03
201212  -0.27
201301  -0.55
201302  -0.57
201303  -0.49
201304  -0.44
201305  -0.48
201306  -0.48
201307  -0.48
201308  -0.38
201309  -0.38
201310  -0.22
201311  -0.23
201312  -0.27
201401  -0.43
201402  -0.38
201403  -0.15
201404  0.11
201405  0.15
201406  0.0
201407  -0.14
201408  -0.09
201409  0.06
201410  0.35
201411  0.54
201412  0.62
201501  0.54
201502  0.47
201503  0.59
201504  0.72
201505  0.89
201506  1.02
201507  1.27
201508  1.54
201509  1.8
201510  2.03
201511  2.18
201512  2.25
201601  2.14
201602  1.81
201603  1.3
201604  0.65
201605  0.08
201606  -0.43
201607  -0.7
201608  -0.81
201609  -0.88
201610  -0.96
201611  -0.96
201612  -0.89
201701  -0.6
201702  -0.44
201703  -0.18
201704  -0.1
201705  -0.02
201706  -0.04
201707  -0.23
201708  -0.46
201709  -0.62
201710  -0.82
201711  -0.97
201712  -1.14
201801  -1.08
201802  -1.04
201803  -0.9
201804  -0.69
201805  -0.33
201806  -0.02
201807  0.08
201808  0.16
201809  0.35
201810  0.62
201811  0.82
201812  0.78
201901  0.68
201902  0.64
201903  0.57
201904  0.53
201905  0.37
201906  0.24
201907  0.04
201908  -0.12
201909  -0.01
201910  0.15
201911  0.29
201912  0.22
202001  0.14
202002  0.1
202003  0.02
202004  -0.25
202005  -0.55
202006  -0.72
202007  -0.76
202008  -0.85
202009  -1.16
202010  -1.37
202011  -1.46
202012  -1.39
202101  -1.32
202102  -1.18
202103  -1.08
202104  -0.89
202105  -0.68
202106  -0.57
202107  -0.6
202108  -0.76
202109  -0.95
202110  -1.08
202111  -1.24
202112  -1.22
202201  -1.18
202202  -1.13
202203  -1.19
202204  -1.26
202205  -1.17
202206  -0.95
202207  -0.86
202208  -0.94
202209  -1.07
202210  -1.1
202211  -1.05
202212  -0.99
202301  -0.86
202302  -0.68
202303  -0.55
202304  -0.31
202305  -0.04
202306  0.28
202307  0.54
202308  0.79
202309  1.04
202310  1.3
202311  1.42
202312  1.4
202401  1.13
202402  0.78
202403  0.42
202404  0.04
202405  -0.28
202406  -0.45
202407  -0.49
202408  -0.56
202409  -0.67
202410  -0.76
202411  -0.88
202412  -1.05
202501  -1.1
202502  -0.85
202503  -0.66
202504  -0.5
202505  -0.48
202506  -0.36
202507  -0.41
202508  -0.59
202509  -0.78
202510  -0.93
202511  -0.98
202512  -1.04
202601  -0.91
202602  -0.76
202603  -0.44
202604  -0.04
202605  0.49
202606  0.97
202607  1.36